✅ Evaluation Complete!

📈 Results Summary:
  Total test cases: 1000
  Successful runs: 1000
  Exact matches (±$0.01): 0 (0%)
  Close matches (±$1.00): 29 (2.9%)
  Average error: $27.94
  Maximum error: $201.05

🎯 Your Score: 2894.00 (lower is better)

📚 Keep analyzing the patterns in the interviews and test cases.

💡 Tips for improvement:
  Check these high-error cases:
    Case 522: 10 days, 1192 miles, $23.47 receipts
      Expected: $1157.87, Got: $1358.92, Error: $201.05
    Case 711: 5 days, 516 miles, $1878.49 receipts
      Expected: $669.85, Got: $850.51, Error: $180.66
    Case 90: 5 days, 754 miles, $489.99 receipts
      Expected: $765.13, Got: $940.49, Error: $175.36
    Case 548: 8 days, 482 miles, $1411.49 receipts
      Expected: $631.81, Got: $796.15, Error: $164.34
    Case 370: 4 days, 825 miles, $874.99 receipts
      Expected: $784.52, Got: $948.36, Error: $163.84

📝 Next steps:
  1. Fix any script errors shown above
  2. Ensure your run.sh outputs only a number
  3. Analyze the patterns in the interviews and public cases
  4. Test edge cases around trip length and receipt amounts
  5. Submit your solution via the Google Form when ready!

367.48
141.18
150.22
211.69
362.16
158.79
312.78
185.81
426.98
367.37
348.26
347.66
219.64
419.40
185.31
133.40
185.01
131.17
241.67
308.13
565.28
1421.98
900.81
988.51
1630.87
690.18
1081.47
1624.66
1221.90
1595.69
1033.62
955.98
1414.58
788.84
949.81
716.31
1299.77
760.00
1441.25
1143.15
1788.21
1788.94
1009.97
876.01
1610.41
1485.85
1555.03
1734.88
2031.46
1605.64
1770.89
1952.11
1626.82
1914.27
1460.25
1511.69
1066.51
1488.40
1074.90
1732.75
1305.76
699.05
1222.34
760.69
1509.11
1223.37
755.59
1390.28
1221.80
1024.95
893.61
1041.36
1496.82
1179.38
540.71
640.96
1820.64
1043.62
921.66
1447.62
814.15
726.06
240.09
192.29
883.79
466.90
892.86
388.53
329.35
940.49
703.26
837.41
765.46
267.61
637.68
276.61
1152.23
640.34
720.33
316.55
764.30
704.88
982.52
656.58
345.40
683.49
968.71
787.58
707.70
648.18
739.08
653.47
805.01
1485.09
651.56
1519.94
1400.10
843.21
827.83
959.07
1033.08
1467.80
855.41
811.88
1390.42
871.81
831.61
1017.06
1455.60
665.55
1807.26
1779.12
2002.50
2184.17
2003.15
1829.13
1765.72
1849.38
1846.60
1767.18
1867.01
1917.65
1765.80
1895.51
1986.22
1819.79
1802.33
1764.42
2218.84
1765.04
1682.15
387.12
1535.35
1784.94
1197.89
1448.40
1398.59
1816.41
1372.95
811.03
824.49
1935.30
1345.65
1752.20
1699.09
1307.61
914.28
1773.61
1534.57
1418.19
787.49
1501.30
165.04
842.94
1380.01
1498.69
1421.92
1500.70
1072.56
984.08
1788.93
2044.43
1336.61
803.39
1459.43
1593.65
1807.25
1825.59
1528.26
972.69
507.67
1517.33
1720.14
1572.85
1481.90
1243.37
1681.01
1544.97
1231.63
1632.79
1755.28
585.59
1375.67
1380.78
383.12
1804.74
1629.50
1657.63
1923.93
1602.48
1754.40
1093.87
2007.55
1833.54
1869.42
1833.75
571.87
1361.78
1578.51
1543.74
1462.82
1749.14
1527.00
1457.55
885.83
1449.88
873.07
801.43
771.58
1617.73
1649.10
1578.02
1877.29
1647.11
1563.89
1609.96
895.86
1677.67
1289.25
1498.74
1427.49
1884.24
943.57
570.89
1688.64
1525.81
1202.24
1909.33
821.43
1815.23
1847.04
1745.24
1447.03
1886.03
315.75
1554.69
1624.01
1578.02
1026.98
1194.59
1656.52
2151.00
1511.42
1117.13
1984.86
1799.46
1265.16
1161.11
1882.36
1113.14
1763.46
324.89
953.66
798.69
829.00
1673.79
612.87
1743.18
875.63
1769.34
1851.01
560.83
1168.72
1579.62
1799.37
1402.35
1780.51
1700.56
1600.66
1571.88
1141.31
776.78
1966.69
1020.42
1730.98
1234.10
909.38
1911.67
1035.50
1045.99
230.23
584.50
1192.37
1938.99
1376.62
494.85
929.75
1292.38
1870.46
1774.13
1683.99
750.29
1843.47
1507.50
1558.41
1695.49
1528.70
1853.68
1614.36
1945.38
1868.07
1592.66
1457.16
2022.28
1202.90
1112.43
2072.18
1415.10
822.40
1722.12
1782.68
1350.84
1868.98
1934.75
2226.59
2056.62
1746.79
1509.69
989.62
1640.95
1578.84
942.28
1296.51
1433.31
1724.32
1589.20
825.43
1390.68
1209.59
638.00
1756.63
1130.93
1503.37
1171.20
1807.80
1997.54
1320.84
960.51
1902.67
1512.57
1615.34
1679.45
584.17
1500.81
1733.55
1875.12
1010.47
1817.62
1738.35
948.36
744.93
1969.97
1229.97
1711.94
1768.87
1059.43
1383.08
1746.65
969.27
1670.54
1602.10
1342.10
1040.89
1904.19
2202.20
1529.93
1698.20
1305.10
965.45
1404.48
1117.10
1741.78
1372.03
1085.92
1363.78
1812.17
1317.77
1474.53
1435.01
1774.40
2083.57
1874.11
632.70
2005.56
1692.64
719.33
1785.97
1805.72
1873.72
1835.99
1801.34
1460.05
878.33
1756.87
1242.73
1465.40
974.85
1733.38
1683.73
1312.72
647.89
1679.00
778.61
1514.50
1069.30
1627.18
904.45
1643.26
1883.99
752.78
1041.40
2058.41
1835.94
588.60
1578.57
269.36
1470.98
1527.10
1218.14
1248.45
1587.00
1474.30
598.06
1047.19
1895.01
399.33
1665.95
1482.05
1637.46
1646.55
1787.52
1163.11
697.33
1358.74
1183.18
1393.39
1204.87
1885.83
882.14
1738.33
455.82
1599.34
1784.92
1649.80
1479.61
1453.26
1720.20
1329.37
1292.32
432.84
1670.30
757.24
654.36
1842.38
1533.32
1920.25
1881.38
2035.42
1327.27
1273.03
1809.83
1557.35
1461.31
1718.54
1110.37
1478.46
1786.26
1956.40
1764.71
1717.50
1795.16
1439.99
1646.51
1862.32
1683.21
1398.70
1463.13
743.63
946.09
1812.68
403.30
774.97
1422.45
966.30
1511.07
1476.18
895.06
1916.46
1398.07
632.29
1752.37
1360.73
2161.06
1835.57
1519.48
1399.16
1167.85
1645.32
548.62
1013.69
1567.79
1358.92
1410.31
1731.62
1965.27
1767.49
1362.18
1195.81
2058.61
1518.35
1655.42
1498.85
521.34
1646.96
1208.82
1541.94
922.54
1487.15
1550.72
1580.16
1223.48
1253.65
1685.58
1517.43
1793.65
1133.17
448.22
796.15
402.57
1804.37
1345.63
744.19
1800.49
1498.72
1590.10
1928.26
788.49
1708.19
1870.13
1379.73
929.72
955.59
1586.70
1129.59
2178.10
1788.43
1368.06
1223.39
1392.78
1540.64
1708.75
1796.33
1164.79
746.97
457.33
1447.55
1497.58
536.40
1387.67
1863.65
1166.43
248.12
1852.21
2002.68
1258.97
1876.07
1486.64
1384.99
1630.86
2184.08
1463.80
1951.40
1744.29
639.44
1328.94
2056.43
581.06
1590.21
1387.23
1361.51
1208.14
1978.36
1454.33
1591.95
1854.60
1615.97
1883.02
1289.15
1368.66
1781.02
1417.91
1939.11
1978.97
1563.17
1181.74
1686.93
1838.43
1244.44
1618.79
1567.49
1323.50
801.13
1771.83
968.42
1403.45
1174.09
1582.34
1923.77
1353.41
1190.41
1435.83
1136.33
871.34
1577.07
1815.45
1891.00
1269.91
1218.21
1446.16
1466.54
1059.61
590.58
1986.38
818.27
1924.25
1307.20
363.91
2176.38
1396.20
1801.37
1127.05
1563.71
1766.39
1711.88
1441.17
1839.02
1910.28
1441.92
1744.32
1420.54
790.10
1227.77
656.88
333.49
1190.19
1596.29
1495.62
1478.29
2098.77
1579.32
1473.14
1000.20
1334.01
1702.80
1840.75
1124.60
1711.32
724.21
741.19
773.35
1878.31
902.51
1757.83
765.41
1209.76
1820.52
1743.88
1006.94
1748.86
817.04
1434.69
686.36
1805.67
1409.33
2158.17
1813.91
1662.47
650.15
2024.96
1340.59
1576.64
1436.58
1499.01
1473.41
1579.15
1273.02
170.24
1130.88
1840.40
1694.48
850.51
1976.77
1451.19
1183.19
1416.45
1588.95
952.25
1086.58
1247.69
1140.27
1420.24
1276.61
1663.59
1592.97
1462.64
1547.33
1855.81
1300.92
1379.28
1767.81
1311.95
676.54
1761.43
1210.31
1488.31
1678.05
925.41
1026.34
1525.46
1779.11
1712.83
1956.91
1731.12
1666.03
1440.93
1524.76
1925.40
783.12
1398.52
1804.18
2093.86
944.28
932.57
1786.16
1174.59
1688.98
1068.87
553.47
583.62
769.35
1783.31
755.02
1948.17
1562.51
1556.75
1657.06
1319.88
1526.29
1753.14
1061.64
939.34
1852.67
1472.27
1724.59
1612.95
921.89
1565.03
1777.14
1216.24
1336.06
1595.50
1520.83
980.83
1778.19
1513.62
1452.30
632.61
1884.11
1144.80
1616.05
857.29
1219.82
1902.86
1641.35
806.39
1005.97
1723.70
1843.59
1422.87
1554.13
1501.50
1760.86
828.25
1783.68
1220.84
1928.40
1672.98
1280.53
1626.72
1792.93
1128.07
1708.46
1664.83
1935.74
733.88
1531.55
1610.78
1897.54
1982.33
1197.14
1076.91
1755.22
1464.37
1312.23
1107.96
381.24
1289.12
982.28
1488.73
1842.28
1040.67
565.14
1444.13
1635.21
1540.90
1774.42
1682.35
1725.57
1035.08
1283.02
1152.66
1456.43
667.88
1736.72
1986.41
1767.67
1961.72
1803.18
1655.05
1765.57
1386.60
424.66
1943.93
1594.63
1541.06
1365.22
684.10
1548.34
903.94
1555.42
1479.01
1946.91
1481.58
1667.42
702.64
1767.93
1890.76
1198.87
1443.50
1410.76
2303.31
1621.90
1127.31
633.15
1356.71
714.55
1450.99
1450.61
1902.68
488.40
1806.82
1580.09
2014.79
828.96
1468.09
1045.41
1656.17
1742.72
1363.26
1334.73
601.10
1172.16
1392.66
1666.21
1569.59
1431.68
562.14
1318.78
582.19
878.25
468.00
643.43
1683.97
1729.87
1986.62
1520.24
1367.66
1622.39
1862.89
1854.62
1565.36
704.85
1440.05
1978.94
572.42
1585.17
1367.82
1268.79
1862.44
1770.81
1451.19
1607.88
1408.77
1409.91
705.86
646.33
1564.84
988.66
1537.03
1329.33
784.13
584.59
879.72
1470.72
1881.95
1559.96
535.37
1224.81
1334.78
1451.62
536.15
1053.10
1256.00
1716.90
1480.70
1498.38
849.37
1503.13
1535.48
1849.67
911.40
544.30
1486.22
1576.69
1574.54
1856.63
796.51
1113.90
1386.42
2016.50
1490.04
1174.35
1498.79
1827.47
1740.57
1754.20
1699.39
1554.06
705.51
589.02
1930.83
2138.38
1293.10
1361.85
1146.92
1561.91
1715.01
1235.23
1520.39
1737.69
1086.64
1187.67
1113.27
1926.63
1080.31
1892.52
1770.88
1500.25
1384.74
1520.71
488.34
1747.13
895.22
771.93
1597.08
484.49
1732.58
906.74
840.22
539.30
